Nickel bulk
CRYSTAL
0 0 0
225
3.53
1
28 0.    0.    0.
END
28  15
0 0 7 2 1.0
   367916.0      0.000227
    52493.9      0.001929
    11175.8      0.0111
     2925.4      0.05
      882.875    0.1703
      305.538    0.369
      119.551    0.4035
0 0 6 2 1.0
      924.525   -0.0052    
      223.044   -0.0679    
       74.4211  -0.1319    
       29.6211   0.2576    
       12.4721   0.6357    
        4.2461   0.2838
0 0 1 2 1.0
        *7.551  1.0            
0 0 1 2 1.0
        *1.5145   1.0        
0 0 1 0 1.0
        *0.63     1.0        
0 0 1 0 1.0
        *0.13     1.0              
0 2 6 6 1.0
      924.525    0.0086
      223.044    0.0609
       74.4211   0.2135
       29.6211   0.3944
       12.4721   0.3973
        4.2461   0.2586        
0 2 4 6 1.0
       56.6581   0.0124   
       21.2063  -0.2218   
        8.4914  -0.8713   
        3.6152   1.0285   
0 2 4 0 1.0
       56.6581  -0.018
       21.2063  -0.08
        8.4914   0.2089
        3.6152   1.255     
0 2 1 0 1.0
        *1.5145   1.0
0 2 1 0 1.0
        *0.63     1.0        
0 2 1 0 1.0
        *0.13     1.0        
0 3 4 8 1.0
       41.0800   0.0405
       11.4130   0.2022
        3.8561   0.4338
        1.3302   0.4897
0 3 1 0 1.0
        *1.2     1.0
0 3 1 0 1.0
        *0.38     1.0        
99 0
END
DFT
PBE
END
SHRINK
32 32 32
MAXCYCLE
100
FMIXING
70
ANDERSON
NOSHIFT
SMEAR
0.001
TOLDEE
8
TOLINTEG
8 8 8 8 16
PPAN
END
