Sn bulk rela
CRYSTAL
0 0 1 
227 
6.655 
1 
250 0.  0.  0.
END
250 11
INPUT
22. 0 2 4 4 2 0
17.420414 279.988682 0
7.631155 62.377810 0
16.131024 66.162523 0
15.628077 132.174396 0
7.325608 16.339417 0
6.942519 32.488959 0
15.514976 36.387441 0
15.188160 54.507841 0
5.456024 8.696823 0
5.363105 12.840208 0
12.282348 -12.576333 0
12.272150 -16.595944 0
0 0 7 2 1
380.366 0.001165
28.5822 -0.026006
17.8892 0.166043
6.92862 -0.658914
1.78391 0.869336
0.843138 0.452132
0.205228 0.012973
0 0 7 2 1
380.366 -0.000442
28.5822 0.005702
17.8892 -0.052894
6.92862 0.252087
1.78391 -0.470343
0.843138 -0.316144
0.205228 0.720625
0 0 1 0 1
  *3.0 1      
0 0 1 0 1
  *0.75  1  
0 0 1 0 1
*0.15 1
0 2 6 6 1
18.5489 0.037021
9.56696 -0.193866
2.21861 0.657594
0.921459 0.455506
0.217858 0.027216
0.069320 -0.004604
0 2 6 2 1
18.5489 -0.009052
9.56696 0.051762
2.21861 -0.221743
0.921459 -0.124279
0.217858 0.521853
0.069320 0.609937
0 2 1 0 1
  *0.25  1    
0 3 6 10 1
38.5626 0.004261
21.7613 -0.006897
3.66111 0.276277
1.55833 0.514323
0.609523 0.344559
0.1897 0.051594
0 3 1 0 1
  *0.7  1      
0 3 1 0 1
  *0.15  1           
99 0
END
DFT
PBE
END
SHRINK
32 32 32
MAXCYCLE
100
FMIXING
50
ANDERSON
NOSHIFT
SMEAR
0.001
TOLDEE
8
TOLINTEG
8 8 8 8 16
PPAN
END
