Cu bulk
CRYSTAL
0 0 0
225
3.63
1
29 0.    0.    0.
END
29 15
0 0 6 2. 1.
 76441.483694 .0014236548869
 11477.790484 .010910644019
 2611.4773990 .054139319495
 737.33531101 .18863206957
 240.02819227 .38341646126
 82.721112667 .29645681555
0 0 3 2. 1.
 160.07447183 -.11037499013
 18.854087693 .64586203973
 7.7438526664 .44511050812
0 0 2 2. 1.
 13.678658833 -.22684755916
 2.2583597115 .72397240174
0 0 1 1. 1.
 .92525661579 1.0000000000
0 0 1 0. 1.
 *.41000000000 1.0000000000
0 0 1 0. 1.
 *.18000000000 1.0000000000
0 2 3 6. 1.
 2530.0174404 .0019142187743
 600.09192696 .015800163021
 194.09448024 .076268471159
0 2 3 6. 1.
 73.686313161 .23880092118
 30.458500032 .44974987602
 13.130879763 .39361952224
0 2 1 0. 1.
 *5.5263086949 1.0000000000
0 2 1 0. 1.
 *2.1487388219 1.0000000000
0 2 1 0. 1.
 *.76949744882 1.0000000000
0 2 1 0. 1.
 *.1 1.0000000000 
0 3 3 10. 1.
 51.443304983 .029319456167
 14.404225180 .15699236141
 4.8477556014 .37790966643
0 3 1 0. 1.
 *1.6194940205 1.0000000000
0 3 1 0. 1.
 *.47641169909 1.0000000000  
99 0
END
DFT
PBE
END
SHRINK
32 32 32
MAXCYCLE
100
FMIXING
70
ANDERSON
NOSHIFT
SMEAR
0.001
TOLDEE
8
TOLINTEG
8 8 8 8 16
PPAN
END
